0, 100, 0
0, 100, 0
0, 0, 100
100, 0, 0
0, 99, 1
0, 1, 99
1, 99, 0
1, 0, 99
99, 1, 0
99, 0, 1
0, 98, 2
0, 2, 98
2, 98, 0
2, 0, 98
98, 2, 0
98, 0, 2
0, 97, 3
0, 3, 97
3, 97, 0
3, 0, 97
97, 3, 0
97, 0, 3
0, 96, 4
0, 4, 96
4, 96, 0
4, 0, 96
96, 4, 0
96, 0, 4
0, 95, 5
0, 5, 95
5, 95, 0
5, 0, 95
95, 5, 0
95, 0, 5
0, 94, 6
0, 6, 94
6, 94, 0
6, 0, 94
94, 6, 0
94, 0, 6
0, 93, 7
0, 7, 93
7, 93, 0
7, 0, 93
93, 7, 0
93, 0, 7
0, 92, 8
0, 8, 92
8, 92, 0
8, 0, 92
92, 8, 0
92, 0, 8
0, 91, 9
0, 9, 91
9, 91, 0
9, 0, 91
91, 9, 0
91, 0, 9
0, 90, 10
0, 10, 90
10, 90, 0
10, 0, 90
90, 10, 0
90, 0, 10
0, 89, 11
0, 11, 89
11, 89, 0
11, 0, 89
89, 11, 0
89, 0, 11
0, 88, 12
0, 12, 88
12, 88, 0
12, 0, 88
88, 12, 0
88, 0, 12
0, 87, 13
0, 13, 87
13, 87, 0
13, 0, 87
87, 13, 0
87, 0, 13
0, 86, 14
0, 14, 86
14, 86, 0
14, 0, 86
86, 14, 0
86, 0, 14
0, 85, 15
0, 15, 85
15, 85, 0
15, 0, 85
85, 15, 0
85, 0, 15
0, 84, 16
0, 16, 84
16, 84, 0
16, 0, 84
84, 16, 0
84, 0, 16
0, 83, 17
0, 17, 83
17, 83, 0
17, 0, 83
83, 17, 0
83, 0, 17
0, 82, 18
0, 18, 82
18, 82, 0
18, 0, 82
82, 18, 0
82, 0, 18
0, 81, 19
0, 19, 81
19, 81, 0
19, 0, 81
81, 19, 0
81, 0, 19
0, 80, 20
0, 20, 80
20, 80, 0
20, 0, 80
80, 20, 0
80, 0, 20
0, 79, 21
0, 21, 79
21, 79, 0
21, 0, 79
79, 21, 0
79, 0, 21
0, 78, 22
0, 22, 78
22, 78, 0
22, 0, 78
78, 22, 0
78, 0, 22
0, 77, 23
0, 23, 77
23, 77, 0
23, 0, 77
77, 23, 0
77, 0, 23
0, 76, 24
0, 24, 76
24, 76, 0
24, 0, 76
76, 24, 0
76, 0, 24
0, 75, 25
0, 25, 75
25, 75, 0
25, 0, 75
75, 25, 0
75, 0, 25
0, 74, 26
0, 26, 74
26, 74, 0
26, 0, 74
74, 26, 0
74, 0, 26
0, 73, 27
0, 27, 73
27, 73, 0
27, 0, 73
73, 27, 0
73, 0, 27
0, 72, 28
0, 28, 72
28, 72, 0
28, 0, 72
72, 28, 0
72, 0, 28
0, 71, 29
0, 29, 71
29, 71, 0
29, 0, 71
71, 29, 0
71, 0, 29
0, 70, 30
0, 30, 70
30, 70, 0
30, 0, 70
70, 30, 0
70, 0, 30
0, 69, 31
0, 31, 69
31, 69, 0
31, 0, 69
69, 31, 0
69, 0, 31
0, 68, 32
0, 32, 68
32, 68, 0
32, 0, 68
68, 32, 0
68, 0, 32
0, 67, 33
0, 33, 67
33, 67, 0
33, 0, 67
67, 33, 0
67, 0, 33
0, 66, 34
0, 34, 66
34, 66, 0
34, 0, 66
66, 34, 0
66, 0, 34
0, 65, 35
0, 35, 65
35, 65, 0
35, 0, 65
65, 35, 0
65, 0, 35
0, 64, 36
0, 36, 64
36, 64, 0
36, 0, 64
64, 36, 0
64, 0, 36
0, 63, 37
0, 37, 63
37, 63, 0
37, 0, 63
63, 37, 0
63, 0, 37
0, 62, 38
0, 38, 62
38, 62, 0
38, 0, 62
62, 38, 0
62, 0, 38
0, 61, 39
0, 39, 61
39, 61, 0
39, 0, 61
61, 39, 0
61, 0, 39
0, 60, 40
0, 40, 60
40, 60, 0
40, 0, 60
60, 40, 0
60, 0, 40
0, 59, 41
0, 41, 59
41, 59, 0
41, 0, 59
59, 41, 0
59, 0, 41
0, 58, 42
0, 42, 58
42, 58, 0
42, 0, 58
58, 42, 0
58, 0, 42
0, 57, 43
0, 43, 57
43, 57, 0
43, 0, 57
57, 43, 0
57, 0, 43
0, 56, 44
0, 44, 56
44, 56, 0
44, 0, 56
56, 44, 0
56, 0, 44
0, 55, 45
0, 45, 55
45, 55, 0
45, 0, 55
55, 45, 0
55, 0, 45
0, 54, 46
0, 46, 54
46, 54, 0
46, 0, 54
54, 46, 0
54, 0, 46
0, 53, 47
0, 47, 53
47, 53, 0
47, 0, 53
53, 47, 0
53, 0, 47
0, 52, 48
0, 48, 52
48, 52, 0
48, 0, 52
52, 48, 0
52, 0, 48
0, 51, 49
0, 49, 51
49, 51, 0
49, 0, 51
51, 49, 0
51, 0, 49
0, 50, 50
50, 50, 0
50, 0, 50
1, 98, 1
1, 1, 98
98, 1, 1
1, 97, 2
1, 2, 97
2, 97, 1
2, 1, 97
97, 2, 1
97, 1, 2
1, 96, 3
1, 3, 96
3, 96, 1
3, 1, 96
96, 3, 1
96, 1, 3
1, 95, 4
1, 4, 95
4, 95, 1
4, 1, 95
95, 4, 1
95, 1, 4
1, 94, 5
1, 5, 94
5, 94, 1
5, 1, 94
94, 5, 1
94, 1, 5
1, 93, 6
1, 6, 93
6, 93, 1
6, 1, 93
93, 6, 1
93, 1, 6
1, 92, 7
1, 7, 92
7, 92, 1
7, 1, 92
92, 7, 1
92, 1, 7
1, 91, 8
1, 8, 91
8, 91, 1
8, 1, 91
91, 8, 1
91, 1, 8
1, 90, 9
1, 9, 90
9, 90, 1
9, 1, 90
90, 9, 1
90, 1, 9
1, 89, 10
1, 10, 89
10, 89, 1
10, 1, 89
89, 10, 1
89, 1, 10
1, 88, 11
1, 11, 88
11, 88, 1
11, 1, 88
88, 11, 1
88, 1, 11
1, 87, 12
1, 12, 87
12, 87, 1
12, 1, 87
87, 12, 1
87, 1, 12
1, 86, 13
1, 13, 86
13, 86, 1
13, 1, 86
86, 13, 1
86, 1, 13
1, 85, 14
1, 14, 85
14, 85, 1
14, 1, 85
85, 14, 1
85, 1, 14
1, 84, 15
1, 15, 84
15, 84, 1
15, 1, 84
84, 15, 1
84, 1, 15
1, 83, 16
1, 16, 83
16, 83, 1
16, 1, 83
83, 16, 1
83, 1, 16
1, 82, 17
1, 17, 82
17, 82, 1
17, 1, 82
82, 17, 1
82, 1, 17
1, 81, 18
1, 18, 81
18, 81, 1
18, 1, 81
81, 18, 1
81, 1, 18
1, 80, 19
1, 19, 80
19, 80, 1
19, 1, 80
80, 19, 1
80, 1, 19
1, 79, 20
1, 20, 79
20, 79, 1
20, 1, 79
79, 20, 1
79, 1, 20
1, 78, 21
1, 21, 78
21, 78, 1
21, 1, 78
78, 21, 1
78, 1, 21
1, 77, 22
1, 22, 77
22, 77, 1
22, 1, 77
77, 22, 1
77, 1, 22
1, 76, 23
1, 23, 76
23, 76, 1
23, 1, 76
76, 23, 1
76, 1, 23
1, 75, 24
1, 24, 75
24, 75, 1
24, 1, 75
75, 24, 1
75, 1, 24
1, 74, 25
1, 25, 74
25, 74, 1
25, 1, 74
74, 25, 1
74, 1, 25
1, 73, 26
1, 26, 73
26, 73, 1
26, 1, 73
73, 26, 1
73, 1, 26
1, 72, 27
1, 27, 72
27, 72, 1
27, 1, 72
72, 27, 1
72, 1, 27
1, 71, 28
1, 28, 71
28, 71, 1
28, 1, 71
71, 28, 1
71, 1, 28
1, 70, 29
1, 29, 70
29, 70, 1
29, 1, 70
70, 29, 1
70, 1, 29
1, 69, 30
1, 30, 69
30, 69, 1
30, 1, 69
69, 30, 1
69, 1, 30
1, 68, 31
1, 31, 68
31, 68, 1
31, 1, 68
68, 31, 1
68, 1, 31
1, 67, 32
1, 32, 67
32, 67, 1
32, 1, 67
67, 32, 1
67, 1, 32
1, 66, 33
1, 33, 66
33, 66, 1
33, 1, 66
66, 33, 1
66, 1, 33
1, 65, 34
1, 34, 65
34, 65, 1
34, 1, 65
65, 34, 1
65, 1, 34
1, 64, 35
1, 35, 64
35, 64, 1
35, 1, 64
64, 35, 1
64, 1, 35
1, 63, 36
1, 36, 63
36, 63, 1
36, 1, 63
63, 36, 1
63, 1, 36
1, 62, 37
1, 37, 62
37, 62, 1
37, 1, 62
62, 37, 1
62, 1, 37
1, 61, 38
1, 38, 61
38, 61, 1
38, 1, 61
61, 38, 1
61, 1, 38
1, 60, 39
1, 39, 60
39, 60, 1
39, 1, 60
60, 39, 1
60, 1, 39
1, 59, 40
1, 40, 59
40, 59, 1
40, 1, 59
59, 40, 1
59, 1, 40
1, 58, 41
1, 41, 58
41, 58, 1
41, 1, 58
58, 41, 1
58, 1, 41
1, 57, 42
1, 42, 57
42, 57, 1
42, 1, 57
57, 42, 1
57, 1, 42
1, 56, 43
1, 43, 56
43, 56, 1
43, 1, 56
56, 43, 1
56, 1, 43
1, 55, 44
1, 44, 55
44, 55, 1
44, 1, 55
55, 44, 1
55, 1, 44
1, 54, 45
1, 45, 54
45, 54, 1
45, 1, 54
54, 45, 1
54, 1, 45
1, 53, 46
1, 46, 53
46, 53, 1
46, 1, 53
53, 46, 1
53, 1, 46
1, 52, 47
1, 47, 52
47, 52, 1
47, 1, 52
52, 47, 1
52, 1, 47
1, 51, 48
1, 48, 51
48, 51, 1
48, 1, 51
51, 48, 1
51, 1, 48
1, 50, 49
1, 49, 50
49, 50, 1
49, 1, 50
50, 49, 1
50, 1, 49
2, 96, 2
2, 2, 96
96, 2, 2
2, 95, 3
2, 3, 95
3, 95, 2
3, 2, 95
95, 3, 2
95, 2, 3
2, 94, 4
2, 4, 94
4, 94, 2
4, 2, 94
94, 4, 2
94, 2, 4
2, 93, 5
2, 5, 93
5, 93, 2
5, 2, 93
93, 5, 2
93, 2, 5
2, 92, 6
2, 6, 92
6, 92, 2
6, 2, 92
92, 6, 2
92, 2, 6
2, 91, 7
2, 7, 91
7, 91, 2
7, 2, 91
91, 7, 2
91, 2, 7
2, 90, 8
2, 8, 90
8, 90, 2
8, 2, 90
90, 8, 2
90, 2, 8
2, 89, 9
2, 9, 89
9, 89, 2
9, 2, 89
89, 9, 2
89, 2, 9
2, 88, 10
2, 10, 88
10, 88, 2
10, 2, 88
88, 10, 2
88, 2, 10
2, 87, 11
2, 11, 87
11, 87, 2
11, 2, 87
87, 11, 2
87, 2, 11
2, 86, 12
2, 12, 86
12, 86, 2
12, 2, 86
86, 12, 2
86, 2, 12
2, 85, 13
2, 13, 85
13, 85, 2
13, 2, 85
85, 13, 2
85, 2, 13
2, 84, 14
2, 14, 84
14, 84, 2
14, 2, 84
84, 14, 2
84, 2, 14
2, 83, 15
2, 15, 83
15, 83, 2
15, 2, 83
83, 15, 2
83, 2, 15
2, 82, 16
2, 16, 82
16, 82, 2
16, 2, 82
82, 16, 2
82, 2, 16
2, 81, 17
2, 17, 81
17, 81, 2
17, 2, 81
81, 17, 2
81, 2, 17
2, 80, 18
2, 18, 80
18, 80, 2
18, 2, 80
80, 18, 2
80, 2, 18
2, 79, 19
2, 19, 79
19, 79, 2
19, 2, 79
79, 19, 2
79, 2, 19
2, 78, 20
2, 20, 78
20, 78, 2
20, 2, 78
78, 20, 2
78, 2, 20
2, 77, 21
2, 21, 77
21, 77, 2
21, 2, 77
77, 21, 2
77, 2, 21
2, 76, 22
2, 22, 76
22, 76, 2
22, 2, 76
76, 22, 2
76, 2, 22
2, 75, 23
2, 23, 75
23, 75, 2
23, 2, 75
75, 23, 2
75, 2, 23
2, 74, 24
2, 24, 74
24, 74, 2
24, 2, 74
74, 24, 2
74, 2, 24
2, 73, 25
2, 25, 73
25, 73, 2
25, 2, 73
73, 25, 2
73, 2, 25
2, 72, 26
2, 26, 72
26, 72, 2
26, 2, 72
72, 26, 2
72, 2, 26
2, 71, 27
2, 27, 71
27, 71, 2
27, 2, 71
71, 27, 2
71, 2, 27
2, 70, 28
2, 28, 70
28, 70, 2
28, 2, 70
70, 28, 2
70, 2, 28
2, 69, 29
2, 29, 69
29, 69, 2
29, 2, 69
69, 29, 2
69, 2, 29
2, 68, 30
2, 30, 68
30, 68, 2
30, 2, 68
68, 30, 2
68, 2, 30
2, 67, 31
2, 31, 67
31, 67, 2
31, 2, 67
67, 31, 2
67, 2, 31
2, 66, 32
2, 32, 66
32, 66, 2
32, 2, 66
66, 32, 2
66, 2, 32
2, 65, 33
2, 33, 65
33, 65, 2
33, 2, 65
65, 33, 2
65, 2, 33
2, 64, 34
2, 34, 64
34, 64, 2
34, 2, 64
64, 34, 2
64, 2, 34
2, 63, 35
2, 35, 63
35, 63, 2
35, 2, 63
63, 35, 2
63, 2, 35
2, 62, 36
2, 36, 62
36, 62, 2
36, 2, 62
62, 36, 2
62, 2, 36
2, 61, 37
2, 37, 61
37, 61, 2
37, 2, 61
61, 37, 2
61, 2, 37
2, 60, 38
2, 38, 60
38, 60, 2
38, 2, 60
60, 38, 2
60, 2, 38
2, 59, 39
2, 39, 59
39, 59, 2
39, 2, 59
59, 39, 2
59, 2, 39
2, 58, 40
2, 40, 58
40, 58, 2
40, 2, 58
58, 40, 2
58, 2, 40
2, 57, 41
2, 41, 57
41, 57, 2
41, 2, 57
57, 41, 2
57, 2, 41
2, 56, 42
2, 42, 56
42, 56, 2
42, 2, 56
56, 42, 2
56, 2, 42
2, 55, 43
2, 43, 55
43, 55, 2
43, 2, 55
55, 43, 2
55, 2, 43
2, 54, 44
2, 44, 54
44, 54, 2
44, 2, 54
54, 44, 2
54, 2, 44
2, 53, 45
2, 45, 53
45, 53, 2
45, 2, 53
53, 45, 2
53, 2, 45
2, 52, 46
2, 46, 52
46, 52, 2
46, 2, 52
52, 46, 2
52, 2, 46
2, 51, 47
2, 47, 51
47, 51, 2
47, 2, 51
51, 47, 2
51, 2, 47
2, 50, 48
2, 48, 50
48, 50, 2
48, 2, 50
50, 48, 2
50, 2, 48
2, 49, 49
49, 49, 2
49, 2, 49
3, 94, 3
3, 3, 94
94, 3, 3
3, 93, 4
3, 4, 93
4, 93, 3
4, 3, 93
93, 4, 3
93, 3, 4
3, 92, 5
3, 5, 92
5, 92, 3
5, 3, 92
92, 5, 3
92, 3, 5
3, 91, 6
3, 6, 91
6, 91, 3
6, 3, 91
91, 6, 3
91, 3, 6
3, 90, 7
3, 7, 90
7, 90, 3
7, 3, 90
90, 7, 3
90, 3, 7
3, 89, 8
3, 8, 89
8, 89, 3
8, 3, 89
89, 8, 3
89, 3, 8
3, 88, 9
3, 9, 88
9, 88, 3
9, 3, 88
88, 9, 3
88, 3, 9
3, 87, 10
3, 10, 87
10, 87, 3
10, 3, 87
87, 10, 3
87, 3, 10
3, 86, 11
3, 11, 86
11, 86, 3
11, 3, 86
86, 11, 3
86, 3, 11
3, 85, 12
3, 12, 85
12, 85, 3
12, 3, 85
85, 12, 3
85, 3, 12
3, 84, 13
3, 13, 84
13, 84, 3
13, 3, 84
84, 13, 3
84, 3, 13
3, 83, 14
3, 14, 83
14, 83, 3
14, 3, 83
83, 14, 3
83, 3, 14
3, 82, 15
3, 15, 82
15, 82, 3
15, 3, 82
82, 15, 3
82, 3, 15
3, 81, 16
3, 16, 81
16, 81, 3
16, 3, 81
81, 16, 3
81, 3, 16
3, 80, 17
3, 17, 80
17, 80, 3
17, 3, 80
80, 17, 3
80, 3, 17
3, 79, 18
3, 18, 79
18, 79, 3
18, 3, 79
79, 18, 3
79, 3, 18
3, 78, 19
3, 19, 78
19, 78, 3
19, 3, 78
78, 19, 3
78, 3, 19
3, 77, 20
3, 20, 77
20, 77, 3
20, 3, 77
77, 20, 3
77, 3, 20
3, 76, 21
3, 21, 76
21, 76, 3
21, 3, 76
76, 21, 3
76, 3, 21
3, 75, 22
3, 22, 75
22, 75, 3
22, 3, 75
75, 22, 3
75, 3, 22
3, 74, 23
3, 23, 74
23, 74, 3
23, 3, 74
74, 23, 3
74, 3, 23
3, 73, 24
3, 24, 73
24, 73, 3
24, 3, 73
73, 24, 3
73, 3, 24
3, 72, 25
3, 25, 72
25, 72, 3
25, 3, 72
72, 25, 3
72, 3, 25
3, 71, 26
3, 26, 71
26, 71, 3
26, 3, 71
71, 26, 3
71, 3, 26
3, 70, 27
3, 27, 70
27, 70, 3
27, 3, 70
70, 27, 3
70, 3, 27
3, 69, 28
3, 28, 69
28, 69, 3
28, 3, 69
69, 28, 3
69, 3, 28
3, 68, 29
3, 29, 68
29, 68, 3
29, 3, 68
68, 29, 3
68, 3, 29
3, 67, 30
3, 30, 67
30, 67, 3
30, 3, 67
67, 30, 3
67, 3, 30
3, 66, 31
3, 31, 66
31, 66, 3
31, 3, 66
66, 31, 3
66, 3, 31
3, 65, 32
3, 32, 65
32, 65, 3
32, 3, 65
65, 32, 3
65, 3, 32
3, 64, 33
3, 33, 64
33, 64, 3
33, 3, 64
64, 33, 3
64, 3, 33
3, 63, 34
3, 34, 63
34, 63, 3
34, 3, 63
63, 34, 3
63, 3, 34
3, 62, 35
3, 35, 62
35, 62, 3
35, 3, 62
62, 35, 3
62, 3, 35
3, 61, 36
3, 36, 61
36, 61, 3
36, 3, 61
61, 36, 3
61, 3, 36
3, 60, 37
3, 37, 60
37, 60, 3
37, 3, 60
60, 37, 3
60, 3, 37
3, 59, 38
3, 38, 59
38, 59, 3
38, 3, 59
59, 38, 3
59, 3, 38
3, 58, 39
3, 39, 58
39, 58, 3
39, 3, 58
58, 39, 3
58, 3, 39
3, 57, 40
3, 40, 57
40, 57, 3
40, 3, 57
57, 40, 3
57, 3, 40
3, 56, 41
3, 41, 56
41, 56, 3
41, 3, 56
56, 41, 3
56, 3, 41
3, 55, 42
3, 42, 55
42, 55, 3
42, 3, 55
55, 42, 3
55, 3, 42
3, 54, 43
3, 43, 54
43, 54, 3
43, 3, 54
54, 43, 3
54, 3, 43
3, 53, 44
3, 44, 53
44, 53, 3
44, 3, 53
53, 44, 3
53, 3, 44
3, 52, 45
3, 45, 52
45, 52, 3
45, 3, 52
52, 45, 3
52, 3, 45
3, 51, 46
3, 46, 51
46, 51, 3
46, 3, 51
51, 46, 3
51, 3, 46
3, 50, 47
3, 47, 50
47, 50, 3
47, 3, 50
50, 47, 3
50, 3, 47
3, 49, 48
3, 48, 49
48, 49, 3
48, 3, 49
49, 48, 3
49, 3, 48
4, 92, 4
4, 4, 92
92, 4, 4
4, 91, 5
4, 5, 91
5, 91, 4
5, 4, 91
91, 5, 4
91, 4, 5
4, 90, 6
4, 6, 90
6, 90, 4
6, 4, 90
90, 6, 4
90, 4, 6
4, 89, 7
4, 7, 89
7, 89, 4
7, 4, 89
89, 7, 4
89, 4, 7
4, 88, 8
4, 8, 88
8, 88, 4
8, 4, 88
88, 8, 4
88, 4, 8
4, 87, 9
4, 9, 87
9, 87, 4
9, 4, 87
87, 9, 4
87, 4, 9
4, 86, 10
4, 10, 86
10, 86, 4
10, 4, 86
86, 10, 4
86, 4, 10
4, 85, 11
4, 11, 85
11, 85, 4
11, 4, 85
85, 11, 4
85, 4, 11
4, 84, 12
4, 12, 84
12, 84, 4
12, 4, 84
84, 12, 4
84, 4, 12
4, 83, 13
4, 13, 83
13, 83, 4
13, 4, 83
83, 13, 4
83, 4, 13
4, 82, 14
4, 14, 82
14, 82, 4
14, 4, 82
82, 14, 4
82, 4, 14
4, 81, 15
4, 15, 81
15, 81, 4
15, 4, 81
81, 15, 4
81, 4, 15
4, 80, 16
4, 16, 80
16, 80, 4
16, 4, 80
80, 16, 4
80, 4, 16
4, 79, 17
4, 17, 79
17, 79, 4
17, 4, 79
79, 17, 4
79, 4, 17
4, 78, 18
4, 18, 78
18, 78, 4
18, 4, 78
78, 18, 4
78, 4, 18
4, 77, 19
4, 19, 77
19, 77, 4
19, 4, 77
77, 19, 4
77, 4, 19
4, 76, 20
4, 20, 76
20, 76, 4
20, 4, 76
76, 20, 4
76, 4, 20
4, 75, 21
4, 21, 75
21, 75, 4
21, 4, 75
75, 21, 4
75, 4, 21
4, 74, 22
4, 22, 74
22, 74, 4
22, 4, 74
74, 22, 4
74, 4, 22
4, 73, 23
4, 23, 73
23, 73, 4
23, 4, 73
73, 23, 4
73, 4, 23
4, 72, 24
4, 24, 72
24, 72, 4
24, 4, 72
72, 24, 4
72, 4, 24
4, 71, 25
4, 25, 71
25, 71, 4
25, 4, 71
71, 25, 4
71, 4, 25
4, 70, 26
4, 26, 70
26, 70, 4
26, 4, 70
70, 26, 4
70, 4, 26
4, 69, 27
4, 27, 69
27, 69, 4
27, 4, 69
69, 27, 4
69, 4, 27
4, 68, 28
4, 28, 68
28, 68, 4
28, 4, 68
68, 28, 4
68, 4, 28
4, 67, 29
4, 29, 67
29, 67, 4
29, 4, 67
67, 29, 4
67, 4, 29
4, 66, 30
4, 30, 66
30, 66, 4
30, 4, 66
66, 30, 4
66, 4, 30
4, 65, 31
4, 31, 65
31, 65, 4
31, 4, 65
65, 31, 4
65, 4, 31
4, 64, 32
4, 32, 64
32, 64, 4
32, 4, 64
64, 32, 4
64, 4, 32
4, 63, 33
4, 33, 63
33, 63, 4
33, 4, 63
63, 33, 4
63, 4, 33
4, 62, 34
4, 34, 62
34, 62, 4
34, 4, 62
62, 34, 4
62, 4, 34
4, 61, 35
4, 35, 61
35, 61, 4
35, 4, 61
61, 35, 4
61, 4, 35
4, 60, 36
4, 36, 60
36, 60, 4
36, 4, 60
60, 36, 4
60, 4, 36
4, 59, 37
4, 37, 59
37, 59, 4
37, 4, 59
59, 37, 4
59, 4, 37
4, 58, 38
4, 38, 58
38, 58, 4
38, 4, 58
58, 38, 4
58, 4, 38
4, 57, 39
4, 39, 57
39, 57, 4
39, 4, 57
57, 39, 4
57, 4, 39
4, 56, 40
4, 40, 56
40, 56, 4
40, 4, 56
56, 40, 4
56, 4, 40
4, 55, 41
4, 41, 55
41, 55, 4
41, 4, 55
55, 41, 4
55, 4, 41
4, 54, 42
4, 42, 54
42, 54, 4
42, 4, 54
54, 42, 4
54, 4, 42
4, 53, 43
4, 43, 53
43, 53, 4
43, 4, 53
53, 43, 4
53, 4, 43
4, 52, 44
4, 44, 52
44, 52, 4
44, 4, 52
52, 44, 4
52, 4, 44
4, 51, 45
4, 45, 51
45, 51, 4
45, 4, 51
51, 45, 4
51, 4, 45
4, 50, 46
4, 46, 50
46, 50, 4
46, 4, 50
50, 46, 4
50, 4, 46
4, 49, 47
4, 47, 49
47, 49, 4
47, 4, 49
49, 47, 4
49, 4, 47
4, 48, 48
48, 48, 4
48, 4, 48
5, 90, 5
5, 5, 90
90, 5, 5
5, 89, 6
5, 6, 89
6, 89, 5
6, 5, 89
89, 6, 5
89, 5, 6
5, 88, 7
5, 7, 88
7, 88, 5
7, 5, 88
88, 7, 5
88, 5, 7
5, 87, 8
5, 8, 87
8, 87, 5
8, 5, 87
87, 8, 5
87, 5, 8
5, 86, 9
5, 9, 86
9, 86, 5
9, 5, 86
86, 9, 5
86, 5, 9
5, 85, 10
5, 10, 85
10, 85, 5
10, 5, 85
85, 10, 5
85, 5, 10
5, 84, 11
5, 11, 84
11, 84, 5
11, 5, 84
84, 11, 5
84, 5, 11
5, 83, 12
5, 12, 83
12, 83, 5
12, 5, 83
83, 12, 5
83, 5, 12
5, 82, 13
5, 13, 82
13, 82, 5
13, 5, 82
82, 13, 5
82, 5, 13
5, 81, 14
5, 14, 81
14, 81, 5
14, 5, 81
81, 14, 5
81, 5, 14
5, 80, 15
5, 15, 80
15, 80, 5
15, 5, 80
80, 15, 5
80, 5, 15
5, 79, 16
5, 16, 79
16, 79, 5
16, 5, 79
79, 16, 5
79, 5, 16
5, 78, 17
5, 17, 78
17, 78, 5
17, 5, 78
78, 17, 5
78, 5, 17
5, 77, 18
5, 18, 77
18, 77, 5
18, 5, 77
77, 18, 5
77, 5, 18
5, 76, 19
5, 19, 76
19, 76, 5
19, 5, 76
76, 19, 5
76, 5, 19
5, 75, 20
5, 20, 75
20, 75, 5
20, 5, 75
75, 20, 5
75, 5, 20
5, 74, 21
5, 21, 74
21, 74, 5
21, 5, 74
74, 21, 5
74, 5, 21
5, 73, 22
5, 22, 73
22, 73, 5
22, 5, 73
73, 22, 5
73, 5, 22
5, 72, 23
5, 23, 72
23, 72, 5
23, 5, 72
72, 23, 5
72, 5, 23
5, 71, 24
5, 24, 71
24, 71, 5
24, 5, 71
71, 24, 5
71, 5, 24
5, 70, 25
5, 25, 70
25, 70, 5
25, 5, 70
70, 25, 5
70, 5, 25
5, 69, 26
5, 26, 69
26, 69, 5
26, 5, 69
69, 26, 5
69, 5, 26
5, 68, 27
5, 27, 68
27, 68, 5
27, 5, 68
68, 27, 5
68, 5, 27
5, 67, 28
5, 28, 67
28, 67, 5
28, 5, 67
67, 28, 5
67, 5, 28
5, 66, 29
5, 29, 66
29, 66, 5
29, 5, 66
66, 29, 5
66, 5, 29
5, 65, 30
5, 30, 65
30, 65, 5
30, 5, 65
65, 30, 5
65, 5, 30
5, 64, 31
5, 31, 64
31, 64, 5
31, 5, 64
64, 31, 5
64, 5, 31
5, 63, 32
5, 32, 63
32, 63, 5
32, 5, 63
63, 32, 5
63, 5, 32
5, 62, 33
5, 33, 62
33, 62, 5
33, 5, 62
62, 33, 5
62, 5, 33
5, 61, 34
5, 34, 61
34, 61, 5
34, 5, 61
61, 34, 5
61, 5, 34
5, 60, 35
5, 35, 60
35, 60, 5
35, 5, 60
60, 35, 5
60, 5, 35
5, 59, 36
5, 36, 59
36, 59, 5
36, 5, 59
59, 36, 5
59, 5, 36
5, 58, 37
5, 37, 58
37, 58, 5
37, 5, 58
58, 37, 5
58, 5, 37
5, 57, 38
5, 38, 57
38, 57, 5
38, 5, 57
57, 38, 5
57, 5, 38
5, 56, 39
5, 39, 56
39, 56, 5
39, 5, 56
56, 39, 5
56, 5, 39
5, 55, 40
5, 40, 55
40, 55, 5
40, 5, 55
55, 40, 5
55, 5, 40
5, 54, 41
5, 41, 54
41, 54, 5
41, 5, 54
54, 41, 5
54, 5, 41
5, 53, 42
5, 42, 53
42, 53, 5
42, 5, 53
53, 42, 5
53, 5, 42
5, 52, 43
5, 43, 52
43, 52, 5
43, 5, 52
52, 43, 5
52, 5, 43
5, 51, 44
5, 44, 51
44, 51, 5
44, 5, 51
51, 44, 5
51, 5, 44
5, 50, 45
5, 45, 50
45, 50, 5
45, 5, 50
50, 45, 5
50, 5, 45
5, 49, 46
5, 46, 49
46, 49, 5
46, 5, 49
49, 46, 5
49, 5, 46
5, 48, 47
5, 47, 48
47, 48, 5
47, 5, 48
48, 47, 5
48, 5, 47
6, 88, 6
6, 6, 88
88, 6, 6
6, 87, 7
6, 7, 87
7, 87, 6
7, 6, 87
87, 7, 6
87, 6, 7
6, 86, 8
6, 8, 86
8, 86, 6
8, 6, 86
86, 8, 6
86, 6, 8
6, 85, 9
6, 9, 85
9, 85, 6
9, 6, 85
85, 9, 6
85, 6, 9
6, 84, 10
6, 10, 84
10, 84, 6
10, 6, 84
84, 10, 6
84, 6, 10
6, 83, 11
6, 11, 83
11, 83, 6
11, 6, 83
83, 11, 6
83, 6, 11
6, 82, 12
6, 12, 82
12, 82, 6
12, 6, 82
82, 12, 6
82, 6, 12
6, 81, 13
6, 13, 81
13, 81, 6
13, 6, 81
81, 13, 6
81, 6, 13
6, 80, 14
6, 14, 80
14, 80, 6
14, 6, 80
80, 14, 6
80, 6, 14
6, 79, 15
6, 15, 79
15, 79, 6
15, 6, 79
79, 15, 6
79, 6, 15
6, 78, 16
6, 16, 78
16, 78, 6
16, 6, 78
78, 16, 6
78, 6, 16
6, 77, 17
6, 17, 77
17, 77, 6
17, 6, 77
77, 17, 6
77, 6, 17
6, 76, 18
6, 18, 76
18, 76, 6
18, 6, 76
76, 18, 6
76, 6, 18
6, 75, 19
6, 19, 75
19, 75, 6
19, 6, 75
75, 19, 6
75, 6, 19
6, 74, 20
6, 20, 74
20, 74, 6
20, 6, 74
74, 20, 6
74, 6, 20
6, 73, 21
6, 21, 73
21, 73, 6
21, 6, 73
73, 21, 6
73, 6, 21
6, 72, 22
6, 22, 72
22, 72, 6
22, 6, 72
72, 22, 6
72, 6, 22
6, 71, 23
6, 23, 71
23, 71, 6
23, 6, 71
71, 23, 6
71, 6, 23
6, 70, 24
6, 24, 70
24, 70, 6
24, 6, 70
70, 24, 6
70, 6, 24
6, 69, 25
6, 25, 69
25, 69, 6
25, 6, 69
69, 25, 6
69, 6, 25
6, 68, 26
6, 26, 68
26, 68, 6
26, 6, 68
68, 26, 6
68, 6, 26
6, 67, 27
6, 27, 67
27, 67, 6
27, 6, 67
67, 27, 6
67, 6, 27
6, 66, 28
6, 28, 66
28, 66, 6
28, 6, 66
66, 28, 6
66, 6, 28
6, 65, 29
6, 29, 65
29, 65, 6
29, 6, 65
65, 29, 6
65, 6, 29
6, 64, 30
6, 30, 64
30, 64, 6
30, 6, 64
64, 30, 6
64, 6, 30
6, 63, 31
6, 31, 63
31, 63, 6
31, 6, 63
63, 31, 6
63, 6, 31
6, 62, 32
6, 32, 62
32, 62, 6
32, 6, 62
62, 32, 6
62, 6, 32
6, 61, 33
6, 33, 61
33, 61, 6
33, 6, 61
61, 33, 6
61, 6, 33
6, 60, 34
6, 34, 60
34, 60, 6
34, 6, 60
60, 34, 6
60, 6, 34
6, 59, 35
6, 35, 59
35, 59, 6
35, 6, 59
59, 35, 6
59, 6, 35
6, 58, 36
6, 36, 58
36, 58, 6
36, 6, 58
58, 36, 6
58, 6, 36
6, 57, 37
6, 37, 57
37, 57, 6
37, 6, 57
57, 37, 6
57, 6, 37
6, 56, 38
6, 38, 56
38, 56, 6
38, 6, 56
56, 38, 6
56, 6, 38
6, 55, 39
6, 39, 55
39, 55, 6
39, 6, 55
55, 39, 6
55, 6, 39
6, 54, 40
6, 40, 54
40, 54, 6
40, 6, 54
54, 40, 6
54, 6, 40
6, 53, 41
6, 41, 53
41, 53, 6
41, 6, 53
53, 41, 6
53, 6, 41
6, 52, 42
6, 42, 52
42, 52, 6
42, 6, 52
52, 42, 6
52, 6, 42
6, 51, 43
6, 43, 51
43, 51, 6
43, 6, 51
51, 43, 6
51, 6, 43
6, 50, 44
6, 44, 50
44, 50, 6
44, 6, 50
50, 44, 6
50, 6, 44
6, 49, 45
6, 45, 49
45, 49, 6
45, 6, 49
49, 45, 6
49, 6, 45
6, 48, 46
6, 46, 48
46, 48, 6
46, 6, 48
48, 46, 6
48, 6, 46
6, 47, 47
47, 47, 6
47, 6, 47
7, 86, 7
7, 7, 86
86, 7, 7
7, 85, 8
7, 8, 85
8, 85, 7
8, 7, 85
85, 8, 7
85, 7, 8
7, 84, 9
7, 9, 84
9, 84, 7
9, 7, 84
84, 9, 7
84, 7, 9
7, 83, 10
7, 10, 83
10, 83, 7
10, 7, 83
83, 10, 7
83, 7, 10
7, 82, 11
7, 11, 82
11, 82, 7
11, 7, 82
82, 11, 7
82, 7, 11
7, 81, 12
7, 12, 81
12, 81, 7
12, 7, 81
81, 12, 7
81, 7, 12
7, 80, 13
7, 13, 80
13, 80, 7
13, 7, 80
80, 13, 7
80, 7, 13
7, 79, 14
7, 14, 79
14, 79, 7
14, 7, 79
79, 14, 7
79, 7, 14
7, 78, 15
7, 15, 78
15, 78, 7
15, 7, 78
78, 15, 7
78, 7, 15
7, 77, 16
7, 16, 77
16, 77, 7
16, 7, 77
77, 16, 7
77, 7, 16
7, 76, 17
7, 17, 76
17, 76, 7
17, 7, 76
76, 17, 7
76, 7, 17
7, 75, 18
7, 18, 75
18, 75, 7
18, 7, 75
75, 18, 7
75, 7, 18
7, 74, 19
7, 19, 74
19, 74, 7
19, 7, 74
74, 19, 7
74, 7, 19
7, 73, 20
7, 20, 73
20, 73, 7
20, 7, 73
73, 20, 7
73, 7, 20
7, 72, 21
7, 21, 72
21, 72, 7
21, 7, 72
72, 21, 7
72, 7, 21
7, 71, 22
7, 22, 71
22, 71, 7
22, 7, 71
71, 22, 7
71, 7, 22
7, 70, 23
7, 23, 70
23, 70, 7
23, 7, 70
70, 23, 7
70, 7, 23
7, 69, 24
7, 24, 69
24, 69, 7
24, 7, 69
69, 24, 7
69, 7, 24
7, 68, 25
7, 25, 68
25, 68, 7
25, 7, 68
68, 25, 7
68, 7, 25
7, 67, 26
7, 26, 67
26, 67, 7
26, 7, 67
67, 26, 7
67, 7, 26
7, 66, 27
7, 27, 66
27, 66, 7
27, 7, 66
66, 27, 7
66, 7, 27
7, 65, 28
7, 28, 65
28, 65, 7
28, 7, 65
65, 28, 7
65, 7, 28
7, 64, 29
7, 29, 64
29, 64, 7
29, 7, 64
64, 29, 7
64, 7, 29
7, 63, 30
7, 30, 63
30, 63, 7
30, 7, 63
63, 30, 7
63, 7, 30
7, 62, 31
7, 31, 62
31, 62, 7
31, 7, 62
62, 31, 7
62, 7, 31
7, 61, 32
7, 32, 61
32, 61, 7
32, 7, 61
61, 32, 7
61, 7, 32
7, 60, 33
7, 33, 60
33, 60, 7
33, 7, 60
60, 33, 7
60, 7, 33
7, 59, 34
7, 34, 59
34, 59, 7
34, 7, 59
59, 34, 7
59, 7, 34
7, 58, 35
7, 35, 58
35, 58, 7
35, 7, 58
58, 35, 7
58, 7, 35
7, 57, 36
7, 36, 57
36, 57, 7
36, 7, 57
57, 36, 7
57, 7, 36
7, 56, 37
7, 37, 56
37, 56, 7
37, 7, 56
56, 37, 7
56, 7, 37
7, 55, 38
7, 38, 55
38, 55, 7
38, 7, 55
55, 38, 7
55, 7, 38
7, 54, 39
7, 39, 54
39, 54, 7
39, 7, 54
54, 39, 7
54, 7, 39
7, 53, 40
7, 40, 53
40, 53, 7
40, 7, 53
53, 40, 7
53, 7, 40
7, 52, 41
7, 41, 52
41, 52, 7
41, 7, 52
52, 41, 7
52, 7, 41
7, 51, 42
7, 42, 51
42, 51, 7
42, 7, 51
51, 42, 7
51, 7, 42
7, 50, 43
7, 43, 50
43, 50, 7
43, 7, 50
50, 43, 7
50, 7, 43
7, 49, 44
7, 44, 49
44, 49, 7
44, 7, 49
49, 44, 7
49, 7, 44
7, 48, 45
7, 45, 48
45, 48, 7
45, 7, 48
48, 45, 7
48, 7, 45
7, 47, 46
7, 46, 47
46, 47, 7
46, 7, 47
47, 46, 7
47, 7, 46
8, 84, 8
8, 8, 84
84, 8, 8
8, 83, 9
8, 9, 83
9, 83, 8
9, 8, 83
83, 9, 8
83, 8, 9
8, 82, 10
8, 10, 82
10, 82, 8
10, 8, 82
82, 10, 8
82, 8, 10
8, 81, 11
8, 11, 81
11, 81, 8
11, 8, 81
81, 11, 8
81, 8, 11
8, 80, 12
8, 12, 80
12, 80, 8
12, 8, 80
80, 12, 8
80, 8, 12
8, 79, 13
8, 13, 79
13, 79, 8
13, 8, 79
79, 13, 8
79, 8, 13
8, 78, 14
8, 14, 78
14, 78, 8
14, 8, 78
78, 14, 8
78, 8, 14
8, 77, 15
8, 15, 77
15, 77, 8
15, 8, 77
77, 15, 8
77, 8, 15
8, 76, 16
8, 16, 76
16, 76, 8
16, 8, 76
76, 16, 8
76, 8, 16
8, 75, 17
8, 17, 75
17, 75, 8
17, 8, 75
75, 17, 8
75, 8, 17
8, 74, 18
8, 18, 74
18, 74, 8
18, 8, 74
74, 18, 8
74, 8, 18
8, 73, 19
8, 19, 73
19, 73, 8
19, 8, 73
73, 19, 8
73, 8, 19
8, 72, 20
8, 20, 72
20, 72, 8
20, 8, 72
72, 20, 8
72, 8, 20
8, 71, 21
8, 21, 71
21, 71, 8
21, 8, 71
71, 21, 8
71, 8, 21
8, 70, 22
8, 22, 70
22, 70, 8
22, 8, 70
70, 22, 8
70, 8, 22
8, 69, 23
8, 23, 69
23, 69, 8
23, 8, 69
69, 23, 8
69, 8, 23
8, 68, 24
8, 24, 68
24, 68, 8
24, 8, 68
68, 24, 8
68, 8, 24
8, 67, 25
8, 25, 67
25, 67, 8
25, 8, 67
67, 25, 8
67, 8, 25
8, 66, 26
8, 26, 66
26, 66, 8
26, 8, 66
66, 26, 8
66, 8, 26
8, 65, 27
8, 27, 65
27, 65, 8
27, 8, 65
65, 27, 8
65, 8, 27
8, 64, 28
8, 28, 64
28, 64, 8
28, 8, 64
64, 28, 8
64, 8, 28
8, 63, 29
8, 29, 63
29, 63, 8
29, 8, 63
63, 29, 8
63, 8, 29
8, 62, 30
8, 30, 62
30, 62, 8
30, 8, 62
62, 30, 8
62, 8, 30
8, 61, 31
8, 31, 61
31, 61, 8
31, 8, 61
61, 31, 8
61, 8, 31
8, 60, 32
8, 32, 60
32, 60, 8
32, 8, 60
60, 32, 8
60, 8, 32
8, 59, 33
8, 33, 59
33, 59, 8
33, 8, 59
59, 33, 8
59, 8, 33
8, 58, 34
8, 34, 58
34, 58, 8
34, 8, 58
58, 34, 8
58, 8, 34
8, 57, 35
8, 35, 57
35, 57, 8
35, 8, 57
57, 35, 8
57, 8, 35
8, 56, 36
8, 36, 56
36, 56, 8
36, 8, 56
56, 36, 8
56, 8, 36
8, 55, 37
8, 37, 55
37, 55, 8
37, 8, 55
55, 37, 8
55, 8, 37
8, 54, 38
8, 38, 54
38, 54, 8
38, 8, 54
54, 38, 8
54, 8, 38
8, 53, 39
8, 39, 53
39, 53, 8
39, 8, 53
53, 39, 8
53, 8, 39
8, 52, 40
8, 40, 52
40, 52, 8
40, 8, 52
52, 40, 8
52, 8, 40
8, 51, 41
8, 41, 51
41, 51, 8
41, 8, 51
51, 41, 8
51, 8, 41
8, 50, 42
8, 42, 50
42, 50, 8
42, 8, 50
50, 42, 8
50, 8, 42
8, 49, 43
8, 43, 49
43, 49, 8
43, 8, 49
49, 43, 8
49, 8, 43
8, 48, 44
8, 44, 48
44, 48, 8
44, 8, 48
48, 44, 8
48, 8, 44
8, 47, 45
8, 45, 47
45, 47, 8
45, 8, 47
47, 45, 8
47, 8, 45
8, 46, 46
46, 46, 8
46, 8, 46
9, 82, 9
9, 9, 82
82, 9, 9
9, 81, 10
9, 10, 81
10, 81, 9
10, 9, 81
81, 10, 9
81, 9, 10
9, 80, 11
9, 11, 80
11, 80, 9
11, 9, 80
80, 11, 9
80, 9, 11
9, 79, 12
9, 12, 79
12, 79, 9
12, 9, 79
79, 12, 9
79, 9, 12
9, 78, 13
9, 13, 78
13, 78, 9
13, 9, 78
78, 13, 9
78, 9, 13
9, 77, 14
9, 14, 77
14, 77, 9
14, 9, 77
77, 14, 9
77, 9, 14
9, 76, 15
9, 15, 76
15, 76, 9
15, 9, 76
76, 15, 9
76, 9, 15
9, 75, 16
9, 16, 75
16, 75, 9
16, 9, 75
75, 16, 9
75, 9, 16
9, 74, 17
9, 17, 74
17, 74, 9
17, 9, 74
74, 17, 9
74, 9, 17
9, 73, 18
9, 18, 73
18, 73, 9
18, 9, 73
73, 18, 9
73, 9, 18
9, 72, 19
9, 19, 72
19, 72, 9
19, 9, 72
72, 19, 9
72, 9, 19
9, 71, 20
9, 20, 71
20, 71, 9
20, 9, 71
71, 20, 9
71, 9, 20
9, 70, 21
9, 21, 70
21, 70, 9
21, 9, 70
70, 21, 9
70, 9, 21
9, 69, 22
9, 22, 69
22, 69, 9
22, 9, 69
69, 22, 9
69, 9, 22
9, 68, 23
9, 23, 68
23, 68, 9
23, 9, 68
68, 23, 9
68, 9, 23
9, 67, 24
9, 24, 67
24, 67, 9
24, 9, 67
67, 24, 9
67, 9, 24
9, 66, 25
9, 25, 66
25, 66, 9
25, 9, 66
66, 25, 9
66, 9, 25
9, 65, 26
9, 26, 65
26, 65, 9
26, 9, 65
65, 26, 9
65, 9, 26
9, 64, 27
9, 27, 64
27, 64, 9
27, 9, 64
64, 27, 9
64, 9, 27
9, 63, 28
9, 28, 63
28, 63, 9
28, 9, 63
63, 28, 9
63, 9, 28
9, 62, 29
9, 29, 62
29, 62, 9
29, 9, 62
62, 29, 9
62, 9, 29
9, 61, 30
9, 30, 61
30, 61, 9
30, 9, 61
61, 30, 9
61, 9, 30
9, 60, 31
9, 31, 60
31, 60, 9
31, 9, 60
60, 31, 9
60, 9, 31
9, 59, 32
9, 32, 59
32, 59, 9
32, 9, 59
59, 32, 9
59, 9, 32
9, 58, 33
9, 33, 58
33, 58, 9
33, 9, 58
58, 33, 9
58, 9, 33
9, 57, 34
9, 34, 57
34, 57, 9
34, 9, 57
57, 34, 9
57, 9, 34
9, 56, 35
9, 35, 56
35, 56, 9
35, 9, 56
56, 35, 9
56, 9, 35
9, 55, 36
9, 36, 55
36, 55, 9
36, 9, 55
55, 36, 9
55, 9, 36
9, 54, 37
9, 37, 54
37, 54, 9
37, 9, 54
54, 37, 9
54, 9, 37
9, 53, 38
9, 38, 53
38, 53, 9
38, 9, 53
53, 38, 9
53, 9, 38
9, 52, 39
9, 39, 52
39, 52, 9
39, 9, 52
52, 39, 9
52, 9, 39
9, 51, 40
9, 40, 51
40, 51, 9
40, 9, 51
51, 40, 9
51, 9, 40
9, 50, 41
9, 41, 50
41, 50, 9
41, 9, 50
50, 41, 9
50, 9, 41
9, 49, 42
9, 42, 49
42, 49, 9
42, 9, 49
49, 42, 9
49, 9, 42
9, 48, 43
9, 43, 48
43, 48, 9
43, 9, 48
48, 43, 9
48, 9, 43
9, 47, 44
9, 44, 47
44, 47, 9
44, 9, 47
47, 44, 9
47, 9, 44
9, 46, 45
9, 45, 46
45, 46, 9
45, 9, 46
46, 45, 9
46, 9, 45
10, 80, 10
10, 10, 80
80, 10, 10
10, 79, 11
10, 11, 79
11, 79, 10
11, 10, 79
79, 11, 10
79, 10, 11
10, 78, 12
10, 12, 78
12, 78, 10
12, 10, 78
78, 12, 10
78, 10, 12
10, 77, 13
10, 13, 77
13, 77, 10
13, 10, 77
77, 13, 10
77, 10, 13
10, 76, 14
10, 14, 76
14, 76, 10
14, 10, 76
76, 14, 10
76, 10, 14
10, 75, 15
10, 15, 75
15, 75, 10
15, 10, 75
75, 15, 10
75, 10, 15
10, 74, 16
10, 16, 74
16, 74, 10
16, 10, 74
74, 16, 10
74, 10, 16
10, 73, 17
10, 17, 73
17, 73, 10
17, 10, 73
73, 17, 10
73, 10, 17
10, 72, 18
10, 18, 72
18, 72, 10
18, 10, 72
72, 18, 10
72, 10, 18
10, 71, 19
10, 19, 71
19, 71, 10
19, 10, 71
71, 19, 10
71, 10, 19
10, 70, 20
10, 20, 70
20, 70, 10
20, 10, 70
70, 20, 10
70, 10, 20
10, 69, 21
10, 21, 69
21, 69, 10
21, 10, 69
69, 21, 10
69, 10, 21
10, 68, 22
10, 22, 68
22, 68, 10
22, 10, 68
68, 22, 10
68, 10, 22
10, 67, 23
10, 23, 67
23, 67, 10
23, 10, 67
67, 23, 10
67, 10, 23
10, 66, 24
10, 24, 66
24, 66, 10
24, 10, 66
66, 24, 10
66, 10, 24
10, 65, 25
10, 25, 65
25, 65, 10
25, 10, 65
65, 25, 10
65, 10, 25
10, 64, 26
10, 26, 64
26, 64, 10
26, 10, 64
64, 26, 10
64, 10, 26
10, 63, 27
10, 27, 63
27, 63, 10
27, 10, 63
63, 27, 10
63, 10, 27
10, 62, 28
10, 28, 62
28, 62, 10
28, 10, 62
62, 28, 10
62, 10, 28
10, 61, 29
10, 29, 61
29, 61, 10
29, 10, 61
61, 29, 10
61, 10, 29
10, 60, 30
10, 30, 60
30, 60, 10
30, 10, 60
60, 30, 10
60, 10, 30
10, 59, 31
10, 31, 59
31, 59, 10
31, 10, 59
59, 31, 10
59, 10, 31
10, 58, 32
10, 32, 58
32, 58, 10
32, 10, 58
58, 32, 10
58, 10, 32
10, 57, 33
10, 33, 57
33, 57, 10
33, 10, 57
57, 33, 10
57, 10, 33
10, 56, 34
10, 34, 56
34, 56, 10
34, 10, 56
56, 34, 10
56, 10, 34
10, 55, 35
10, 35, 55
35, 55, 10
35, 10, 55
55, 35, 10
55, 10, 35
10, 54, 36
10, 36, 54
36, 54, 10
36, 10, 54
54, 36, 10
54, 10, 36
10, 53, 37
10, 37, 53
37, 53, 10
37, 10, 53
53, 37, 10
53, 10, 37
10, 52, 38
10, 38, 52
38, 52, 10
38, 10, 52
52, 38, 10
52, 10, 38
10, 51, 39
10, 39, 51
39, 51, 10
39, 10, 51
51, 39, 10
51, 10, 39
10, 50, 40
10, 40, 50
40, 50, 10
40, 10, 50
50, 40, 10
50, 10, 40
10, 49, 41
10, 41, 49
41, 49, 10
41, 10, 49
49, 41, 10
49, 10, 41
10, 48, 42
10, 42, 48
42, 48, 10
42, 10, 48
48, 42, 10
48, 10, 42
10, 47, 43
10, 43, 47
43, 47, 10
43, 10, 47
47, 43, 10
47, 10, 43
10, 46, 44
10, 44, 46
44, 46, 10
44, 10, 46
46, 44, 10
46, 10, 44
10, 45, 45
45, 45, 10
45, 10, 45
11, 78, 11
11, 11, 78
78, 11, 11
11, 77, 12
11, 12, 77
12, 77, 11
12, 11, 77
77, 12, 11
77, 11, 12
11, 76, 13
11, 13, 76
13, 76, 11
13, 11, 76
76, 13, 11
76, 11, 13
11, 75, 14
11, 14, 75
14, 75, 11
14, 11, 75
75, 14, 11
75, 11, 14
11, 74, 15
11, 15, 74
15, 74, 11
15, 11, 74
74, 15, 11
74, 11, 15
11, 73, 16
11, 16, 73
16, 73, 11
16, 11, 73
73, 16, 11
73, 11, 16
11, 72, 17
11, 17, 72
17, 72, 11
17, 11, 72
72, 17, 11
72, 11, 17
11, 71, 18
11, 18, 71
18, 71, 11
18, 11, 71
71, 18, 11
71, 11, 18
11, 70, 19
11, 19, 70
19, 70, 11
19, 11, 70
70, 19, 11
70, 11, 19
11, 69, 20
11, 20, 69
20, 69, 11
20, 11, 69
69, 20, 11
69, 11, 20
11, 68, 21
11, 21, 68
21, 68, 11
21, 11, 68
68, 21, 11
68, 11, 21
11, 67, 22
11, 22, 67
22, 67, 11
22, 11, 67
67, 22, 11
67, 11, 22
11, 66, 23
11, 23, 66
23, 66, 11
23, 11, 66
66, 23, 11
66, 11, 23
11, 65, 24
11, 24, 65
24, 65, 11
24, 11, 65
65, 24, 11
65, 11, 24
11, 64, 25
11, 25, 64
25, 64, 11
25, 11, 64
64, 25, 11
64, 11, 25
11, 63, 26
11, 26, 63
26, 63, 11
26, 11, 63
63, 26, 11
63, 11, 26
11, 62, 27
11, 27, 62
27, 62, 11
27, 11, 62
62, 27, 11
62, 11, 27
11, 61, 28
11, 28, 61
28, 61, 11
28, 11, 61
61, 28, 11
61, 11, 28
11, 60, 29
11, 29, 60
29, 60, 11
29, 11, 60
60, 29, 11
60, 11, 29
11, 59, 30
11, 30, 59
30, 59, 11
30, 11, 59
59, 30, 11
59, 11, 30
11, 58, 31
11, 31, 58
31, 58, 11
31, 11, 58
58, 31, 11
58, 11, 31
11, 57, 32
11, 32, 57
32, 57, 11
32, 11, 57
57, 32, 11
57, 11, 32
11, 56, 33
11, 33, 56
33, 56, 11
33, 11, 56
56, 33, 11
56, 11, 33
11, 55, 34
11, 34, 55
34, 55, 11
34, 11, 55
55, 34, 11
55, 11, 34
11, 54, 35
11, 35, 54
35, 54, 11
35, 11, 54
54, 35, 11
54, 11, 35
11, 53, 36
11, 36, 53
36, 53, 11
36, 11, 53
53, 36, 11
53, 11, 36
11, 52, 37
11, 37, 52
37, 52, 11
37, 11, 52
52, 37, 11
52, 11, 37
11, 51, 38
11, 38, 51
38, 51, 11
38, 11, 51
51, 38, 11
51, 11, 38
11, 50, 39
11, 39, 50
39, 50, 11
39, 11, 50
50, 39, 11
50, 11, 39
11, 49, 40
11, 40, 49
40, 49, 11
40, 11, 49
49, 40, 11
49, 11, 40
11, 48, 41
11, 41, 48
41, 48, 11
41, 11, 48
48, 41, 11
48, 11, 41
11, 47, 42
11, 42, 47
42, 47, 11
42, 11, 47
47, 42, 11
47, 11, 42
11, 46, 43
11, 43, 46
43, 46, 11
43, 11, 46
46, 43, 11
46, 11, 43
11, 45, 44
11, 44, 45
44, 45, 11
44, 11, 45
45, 44, 11
45, 11, 44
12, 76, 12
12, 12, 76
76, 12, 12
12, 75, 13
12, 13, 75
13, 75, 12
13, 12, 75
75, 13, 12
75, 12, 13
12, 74, 14
12, 14, 74
14, 74, 12
14, 12, 74
74, 14, 12
74, 12, 14
12, 73, 15
12, 15, 73
15, 73, 12
15, 12, 73
73, 15, 12
73, 12, 15
12, 72, 16
12, 16, 72
16, 72, 12
16, 12, 72
72, 16, 12
72, 12, 16
12, 71, 17
12, 17, 71
17, 71, 12
17, 12, 71
71, 17, 12
71, 12, 17
12, 70, 18
12, 18, 70
18, 70, 12
18, 12, 70
70, 18, 12
70, 12, 18
12, 69, 19
12, 19, 69
19, 69, 12
19, 12, 69
69, 19, 12
69, 12, 19
12, 68, 20
12, 20, 68
20, 68, 12
20, 12, 68
68, 20, 12
68, 12, 20
12, 67, 21
12, 21, 67
21, 67, 12
21, 12, 67
67, 21, 12
67, 12, 21
12, 66, 22
12, 22, 66
22, 66, 12
22, 12, 66
66, 22, 12
66, 12, 22
12, 65, 23
12, 23, 65
23, 65, 12
23, 12, 65
65, 23, 12
65, 12, 23
12, 64, 24
12, 24, 64
24, 64, 12
24, 12, 64
64, 24, 12
64, 12, 24
12, 63, 25
12, 25, 63
25, 63, 12
25, 12, 63
63, 25, 12
63, 12, 25
12, 62, 26
12, 26, 62
26, 62, 12
26, 12, 62
62, 26, 12
62, 12, 26
12, 61, 27
12, 27, 61
27, 61, 12
27, 12, 61
61, 27, 12
61, 12, 27
12, 60, 28
12, 28, 60
28, 60, 12
28, 12, 60
60, 28, 12
60, 12, 28
12, 59, 29
12, 29, 59
29, 59, 12
29, 12, 59
59, 29, 12
59, 12, 29
12, 58, 30
12, 30, 58
30, 58, 12
30, 12, 58
58, 30, 12
58, 12, 30
12, 57, 31
12, 31, 57
31, 57, 12
31, 12, 57
57, 31, 12
57, 12, 31
12, 56, 32
12, 32, 56
32, 56, 12
32, 12, 56
56, 32, 12
56, 12, 32
12, 55, 33
12, 33, 55
33, 55, 12
33, 12, 55
55, 33, 12
55, 12, 33
12, 54, 34
12, 34, 54
34, 54, 12
34, 12, 54
54, 34, 12
54, 12, 34
12, 53, 35
12, 35, 53
35, 53, 12
35, 12, 53
53, 35, 12
53, 12, 35
12, 52, 36
12, 36, 52
36, 52, 12
36, 12, 52
52, 36, 12
52, 12, 36
12, 51, 37
12, 37, 51
37, 51, 12
37, 12, 51
51, 37, 12
51, 12, 37
12, 50, 38
12, 38, 50
38, 50, 12
38, 12, 50
50, 38, 12
50, 12, 38
12, 49, 39
12, 39, 49
39, 49, 12
39, 12, 49
49, 39, 12
49, 12, 39
12, 48, 40
12, 40, 48
40, 48, 12
40, 12, 48
48, 40, 12
48, 12, 40
12, 47, 41
12, 41, 47
41, 47, 12
41, 12, 47
47, 41, 12
47, 12, 41
12, 46, 42
12, 42, 46
42, 46, 12
42, 12, 46
46, 42, 12
46, 12, 42
12, 45, 43
12, 43, 45
43, 45, 12
43, 12, 45
45, 43, 12
45, 12, 43
12, 44, 44
44, 44, 12
44, 12, 44
13, 74, 13
13, 13, 74
74, 13, 13
13, 73, 14
13, 14, 73
14, 73, 13
14, 13, 73
73, 14, 13
73, 13, 14
13, 72, 15
13, 15, 72
15, 72, 13
15, 13, 72
72, 15, 13
72, 13, 15
13, 71, 16
13, 16, 71
16, 71, 13
16, 13, 71
71, 16, 13
71, 13, 16
13, 70, 17
13, 17, 70
17, 70, 13
17, 13, 70
70, 17, 13
70, 13, 17
13, 69, 18
13, 18, 69
18, 69, 13
18, 13, 69
69, 18, 13
69, 13, 18
13, 68, 19
13, 19, 68
19, 68, 13
19, 13, 68
68, 19, 13
68, 13, 19
13, 67, 20
13, 20, 67
20, 67, 13
20, 13, 67
67, 20, 13
67, 13, 20
13, 66, 21
13, 21, 66
21, 66, 13
21, 13, 66
66, 21, 13
66, 13, 21
13, 65, 22
13, 22, 65
22, 65, 13
22, 13, 65
65, 22, 13
65, 13, 22
13, 64, 23
13, 23, 64
23, 64, 13
23, 13, 64
64, 23, 13
64, 13, 23
13, 63, 24
13, 24, 63
24, 63, 13
24, 13, 63
63, 24, 13
63, 13, 24
13, 62, 25
13, 25, 62
25, 62, 13
25, 13, 62
62, 25, 13
62, 13, 25
13, 61, 26
13, 26, 61
26, 61, 13
26, 13, 61
61, 26, 13
61, 13, 26
13, 60, 27
13, 27, 60
27, 60, 13
27, 13, 60
60, 27, 13
60, 13, 27
13, 59, 28
13, 28, 59
28, 59, 13
28, 13, 59
59, 28, 13
59, 13, 28
13, 58, 29
13, 29, 58
29, 58, 13
29, 13, 58
58, 29, 13
58, 13, 29
13, 57, 30
13, 30, 57
30, 57, 13
30, 13, 57
57, 30, 13
57, 13, 30
13, 56, 31
13, 31, 56
31, 56, 13
31, 13, 56
56, 31, 13
56, 13, 31
13, 55, 32
13, 32, 55
32, 55, 13
32, 13, 55
55, 32, 13
55, 13, 32
13, 54, 33
13, 33, 54
33, 54, 13
33, 13, 54
54, 33, 13
54, 13, 33
13, 53, 34
13, 34, 53
34, 53, 13
34, 13, 53
53, 34, 13
53, 13, 34
13, 52, 35
13, 35, 52
35, 52, 13
35, 13, 52
52, 35, 13
52, 13, 35
13, 51, 36
13, 36, 51
36, 51, 13
36, 13, 51
51, 36, 13
51, 13, 36
13, 50, 37
13, 37, 50
37, 50, 13
37, 13, 50
50, 37, 13
50, 13, 37
13, 49, 38
13, 38, 49
38, 49, 13
38, 13, 49
49, 38, 13
49, 13, 38
13, 48, 39
13, 39, 48
39, 48, 13
39, 13, 48
48, 39, 13
48, 13, 39
13, 47, 40
13, 40, 47
40, 47, 13
40, 13, 47
47, 40, 13
47, 13, 40
13, 46, 41
13, 41, 46
41, 46, 13
41, 13, 46
46, 41, 13
46, 13, 41
13, 45, 42
13, 42, 45
42, 45, 13
42, 13, 45
45, 42, 13
45, 13, 42
13, 44, 43
13, 43, 44
43, 44, 13
43, 13, 44
44, 43, 13
44, 13, 43
14, 72, 14
14, 14, 72
72, 14, 14
14, 71, 15
14, 15, 71
15, 71, 14
15, 14, 71
71, 15, 14
71, 14, 15
14, 70, 16
14, 16, 70
16, 70, 14
16, 14, 70
70, 16, 14
70, 14, 16
14, 69, 17
14, 17, 69
17, 69, 14
17, 14, 69
69, 17, 14
69, 14, 17
14, 68, 18
14, 18, 68
18, 68, 14
18, 14, 68
68, 18, 14
68, 14, 18
14, 67, 19
14, 19, 67
19, 67, 14
19, 14, 67
67, 19, 14
67, 14, 19
14, 66, 20
14, 20, 66
20, 66, 14
20, 14, 66
66, 20, 14
66, 14, 20
14, 65, 21
14, 21, 65
21, 65, 14
21, 14, 65
65, 21, 14
65, 14, 21
14, 64, 22
14, 22, 64
22, 64, 14
22, 14, 64
64, 22, 14
64, 14, 22
14, 63, 23
14, 23, 63
23, 63, 14
23, 14, 63
63, 23, 14
63, 14, 23
14, 62, 24
14, 24, 62
24, 62, 14
24, 14, 62
62, 24, 14
62, 14, 24
14, 61, 25
14, 25, 61
25, 61, 14
25, 14, 61
61, 25, 14
61, 14, 25
14, 60, 26
14, 26, 60
26, 60, 14
26, 14, 60
60, 26, 14
60, 14, 26
14, 59, 27
14, 27, 59
27, 59, 14
27, 14, 59
59, 27, 14
59, 14, 27
14, 58, 28
14, 28, 58
28, 58, 14
28, 14, 58
58, 28, 14
58, 14, 28
14, 57, 29
14, 29, 57
29, 57, 14
29, 14, 57
57, 29, 14
57, 14, 29
14, 56, 30
14, 30, 56
30, 56, 14
30, 14, 56
56, 30, 14
56, 14, 30
14, 55, 31
14, 31, 55
31, 55, 14
31, 14, 55
55, 31, 14
55, 14, 31
14, 54, 32
14, 32, 54
32, 54, 14
32, 14, 54
54, 32, 14
54, 14, 32
14, 53, 33
14, 33, 53
33, 53, 14
33, 14, 53
53, 33, 14
53, 14, 33
14, 52, 34
14, 34, 52
34, 52, 14
34, 14, 52
52, 34, 14
52, 14, 34
14, 51, 35
14, 35, 51
35, 51, 14
35, 14, 51
51, 35, 14
51, 14, 35
14, 50, 36
14, 36, 50
36, 50, 14
36, 14, 50
50, 36, 14
50, 14, 36
14, 49, 37
14, 37, 49
37, 49, 14
37, 14, 49
49, 37, 14
49, 14, 37
14, 48, 38
14, 38, 48
38, 48, 14
38, 14, 48
48, 38, 14
48, 14, 38
14, 47, 39
14, 39, 47
39, 47, 14
39, 14, 47
47, 39, 14
47, 14, 39
14, 46, 40
14, 40, 46
40, 46, 14
40, 14, 46
46, 40, 14
46, 14, 40
14, 45, 41
14, 41, 45
41, 45, 14
41, 14, 45
45, 41, 14
45, 14, 41
14, 44, 42
14, 42, 44
42, 44, 14
42, 14, 44
44, 42, 14
44, 14, 42
14, 43, 43
43, 43, 14
43, 14, 43
15, 70, 15
15, 15, 70
70, 15, 15
15, 69, 16
15, 16, 69
16, 69, 15
16, 15, 69
69, 16, 15
69, 15, 16
15, 68, 17
15, 17, 68
17, 68, 15
17, 15, 68
68, 17, 15
68, 15, 17
15, 67, 18
15, 18, 67
18, 67, 15
18, 15, 67
67, 18, 15
67, 15, 18
15, 66, 19
15, 19, 66
19, 66, 15
19, 15, 66
66, 19, 15
66, 15, 19
15, 65, 20
15, 20, 65
20, 65, 15
20, 15, 65
65, 20, 15
65, 15, 20
15, 64, 21
15, 21, 64
21, 64, 15
21, 15, 64
64, 21, 15
64, 15, 21
15, 63, 22
15, 22, 63
22, 63, 15
22, 15, 63
63, 22, 15
63, 15, 22
15, 62, 23
15, 23, 62
23, 62, 15
23, 15, 62
62, 23, 15
62, 15, 23
15, 61, 24
15, 24, 61
24, 61, 15
24, 15, 61
61, 24, 15
61, 15, 24
15, 60, 25
15, 25, 60
25, 60, 15
25, 15, 60
60, 25, 15
60, 15, 25
15, 59, 26
15, 26, 59
26, 59, 15
26, 15, 59
59, 26, 15
59, 15, 26
15, 58, 27
15, 27, 58
27, 58, 15
27, 15, 58
58, 27, 15
58, 15, 27
15, 57, 28
15, 28, 57
28, 57, 15
28, 15, 57
57, 28, 15
57, 15, 28
15, 56, 29
15, 29, 56
29, 56, 15
29, 15, 56
56, 29, 15
56, 15, 29
15, 55, 30
15, 30, 55
30, 55, 15
30, 15, 55
55, 30, 15
55, 15, 30
15, 54, 31
15, 31, 54
31, 54, 15
31, 15, 54
54, 31, 15
54, 15, 31
15, 53, 32
15, 32, 53
32, 53, 15
32, 15, 53
53, 32, 15
53, 15, 32
15, 52, 33
15, 33, 52
33, 52, 15
33, 15, 52
52, 33, 15
52, 15, 33
15, 51, 34
15, 34, 51
34, 51, 15
34, 15, 51
51, 34, 15
51, 15, 34
15, 50, 35
15, 35, 50
35, 50, 15
35, 15, 50
50, 35, 15
50, 15, 35
15, 49, 36
15, 36, 49
36, 49, 15
36, 15, 49
49, 36, 15
49, 15, 36
15, 48, 37
15, 37, 48
37, 48, 15
37, 15, 48
48, 37, 15
48, 15, 37
15, 47, 38
15, 38, 47
38, 47, 15
38, 15, 47
47, 38, 15
47, 15, 38
15, 46, 39
15, 39, 46
39, 46, 15
39, 15, 46
46, 39, 15
46, 15, 39
15, 45, 40
15, 40, 45
40, 45, 15
40, 15, 45
45, 40, 15
45, 15, 40
15, 44, 41
15, 41, 44
41, 44, 15
41, 15, 44
44, 41, 15
44, 15, 41
15, 43, 42
15, 42, 43
42, 43, 15
42, 15, 43
43, 42, 15
43, 15, 42
16, 68, 16
16, 16, 68
68, 16, 16
16, 67, 17
16, 17, 67
17, 67, 16
17, 16, 67
67, 17, 16
67, 16, 17
16, 66, 18
16, 18, 66
18, 66, 16
18, 16, 66
66, 18, 16
66, 16, 18
16, 65, 19
16, 19, 65
19, 65, 16
19, 16, 65
65, 19, 16
65, 16, 19
16, 64, 20
16, 20, 64
20, 64, 16
20, 16, 64
64, 20, 16
64, 16, 20
16, 63, 21
16, 21, 63
21, 63, 16
21, 16, 63
63, 21, 16
63, 16, 21
16, 62, 22
16, 22, 62
22, 62, 16
22, 16, 62
62, 22, 16
62, 16, 22
16, 61, 23
16, 23, 61
23, 61, 16
23, 16, 61
61, 23, 16
61, 16, 23
16, 60, 24
16, 24, 60
24, 60, 16
24, 16, 60
60, 24, 16
60, 16, 24
16, 59, 25
16, 25, 59
25, 59, 16
25, 16, 59
59, 25, 16
59, 16, 25
16, 58, 26
16, 26, 58
26, 58, 16
26, 16, 58
58, 26, 16
58, 16, 26
16, 57, 27
16, 27, 57
27, 57, 16
27, 16, 57
57, 27, 16
57, 16, 27
16, 56, 28
16, 28, 56
28, 56, 16
28, 16, 56
56, 28, 16
56, 16, 28
16, 55, 29
16, 29, 55
29, 55, 16
29, 16, 55
55, 29, 16
55, 16, 29
16, 54, 30
16, 30, 54
30, 54, 16
30, 16, 54
54, 30, 16
54, 16, 30
16, 53, 31
16, 31, 53
31, 53, 16
31, 16, 53
53, 31, 16
53, 16, 31
16, 52, 32
16, 32, 52
32, 52, 16
32, 16, 52
52, 32, 16
52, 16, 32
16, 51, 33
16, 33, 51
33, 51, 16
33, 16, 51
51, 33, 16
51, 16, 33
16, 50, 34
16, 34, 50
34, 50, 16
34, 16, 50
50, 34, 16
50, 16, 34
16, 49, 35
16, 35, 49
35, 49, 16
35, 16, 49
49, 35, 16
49, 16, 35
16, 48, 36
16, 36, 48
36, 48, 16
36, 16, 48
48, 36, 16
48, 16, 36
16, 47, 37
16, 37, 47
37, 47, 16
37, 16, 47
47, 37, 16
47, 16, 37
16, 46, 38
16, 38, 46
38, 46, 16
38, 16, 46
46, 38, 16
46, 16, 38
16, 45, 39
16, 39, 45
39, 45, 16
39, 16, 45
45, 39, 16
45, 16, 39
16, 44, 40
16, 40, 44
40, 44, 16
40, 16, 44
44, 40, 16
44, 16, 40
16, 43, 41
16, 41, 43
41, 43, 16
41, 16, 43
43, 41, 16
43, 16, 41
16, 42, 42
42, 42, 16
42, 16, 42
17, 66, 17
17, 17, 66
66, 17, 17
17, 65, 18
17, 18, 65
18, 65, 17
18, 17, 65
65, 18, 17
65, 17, 18
17, 64, 19
17, 19, 64
19, 64, 17
19, 17, 64
64, 19, 17
64, 17, 19
17, 63, 20
17, 20, 63
20, 63, 17
20, 17, 63
63, 20, 17
63, 17, 20
17, 62, 21
17, 21, 62
21, 62, 17
21, 17, 62
62, 21, 17
62, 17, 21
17, 61, 22
17, 22, 61
22, 61, 17
22, 17, 61
61, 22, 17
61, 17, 22
17, 60, 23
17, 23, 60
23, 60, 17
23, 17, 60
60, 23, 17
60, 17, 23
17, 59, 24
17, 24, 59
24, 59, 17
24, 17, 59
59, 24, 17
59, 17, 24
17, 58, 25
17, 25, 58
25, 58, 17
25, 17, 58
58, 25, 17
58, 17, 25
17, 57, 26
17, 26, 57
26, 57, 17
26, 17, 57
57, 26, 17
57, 17, 26
17, 56, 27
17, 27, 56
27, 56, 17
27, 17, 56
56, 27, 17
56, 17, 27
17, 55, 28
17, 28, 55
28, 55, 17
28, 17, 55
55, 28, 17
55, 17, 28
17, 54, 29
17, 29, 54
29, 54, 17
29, 17, 54
54, 29, 17
54, 17, 29
17, 53, 30
17, 30, 53
30, 53, 17
30, 17, 53
53, 30, 17
53, 17, 30
17, 52, 31
17, 31, 52
31, 52, 17
31, 17, 52
52, 31, 17
52, 17, 31
17, 51, 32
17, 32, 51
32, 51, 17
32, 17, 51
51, 32, 17
51, 17, 32
17, 50, 33
17, 33, 50
33, 50, 17
33, 17, 50
50, 33, 17
50, 17, 33
17, 49, 34
17, 34, 49
34, 49, 17
34, 17, 49
49, 34, 17
49, 17, 34
17, 48, 35
17, 35, 48
35, 48, 17
35, 17, 48
48, 35, 17
48, 17, 35
17, 47, 36
17, 36, 47
36, 47, 17
36, 17, 47
47, 36, 17
47, 17, 36
17, 46, 37
17, 37, 46
37, 46, 17
37, 17, 46
46, 37, 17
46, 17, 37
17, 45, 38
17, 38, 45
38, 45, 17
38, 17, 45
45, 38, 17
45, 17, 38
17, 44, 39
17, 39, 44
39, 44, 17
39, 17, 44
44, 39, 17
44, 17, 39
17, 43, 40
17, 40, 43
40, 43, 17
40, 17, 43
43, 40, 17
43, 17, 40
17, 42, 41
17, 41, 42
41, 42, 17
41, 17, 42
42, 41, 17
42, 17, 41
18, 64, 18
18, 18, 64
64, 18, 18
18, 63, 19
18, 19, 63
19, 63, 18
19, 18, 63
63, 19, 18
63, 18, 19
18, 62, 20
18, 20, 62
20, 62, 18
20, 18, 62
62, 20, 18
62, 18, 20
18, 61, 21
18, 21, 61
21, 61, 18
21, 18, 61
61, 21, 18
61, 18, 21
18, 60, 22
18, 22, 60
22, 60, 18
22, 18, 60
60, 22, 18
60, 18, 22
18, 59, 23
18, 23, 59
23, 59, 18
23, 18, 59
59, 23, 18
59, 18, 23
18, 58, 24
18, 24, 58
24, 58, 18
24, 18, 58
58, 24, 18
58, 18, 24
18, 57, 25
18, 25, 57
25, 57, 18
25, 18, 57
57, 25, 18
57, 18, 25
18, 56, 26
18, 26, 56
26, 56, 18
26, 18, 56
56, 26, 18
56, 18, 26
18, 55, 27
18, 27, 55
27, 55, 18
27, 18, 55
55, 27, 18
55, 18, 27
18, 54, 28
18, 28, 54
28, 54, 18
28, 18, 54
54, 28, 18
54, 18, 28
18, 53, 29
18, 29, 53
29, 53, 18
29, 18, 53
53, 29, 18
53, 18, 29
18, 52, 30
18, 30, 52
30, 52, 18
30, 18, 52
52, 30, 18
52, 18, 30
18, 51, 31
18, 31, 51
31, 51, 18
31, 18, 51
51, 31, 18
51, 18, 31
18, 50, 32
18, 32, 50
32, 50, 18
32, 18, 50
50, 32, 18
50, 18, 32
18, 49, 33
18, 33, 49
33, 49, 18
33, 18, 49
49, 33, 18
49, 18, 33
18, 48, 34
18, 34, 48
34, 48, 18
34, 18, 48
48, 34, 18
48, 18, 34
18, 47, 35
18, 35, 47
35, 47, 18
35, 18, 47
47, 35, 18
47, 18, 35
18, 46, 36
18, 36, 46
36, 46, 18
36, 18, 46
46, 36, 18
46, 18, 36
18, 45, 37
18, 37, 45
37, 45, 18
37, 18, 45
45, 37, 18
45, 18, 37
18, 44, 38
18, 38, 44
38, 44, 18
38, 18, 44
44, 38, 18
44, 18, 38
18, 43, 39
18, 39, 43
39, 43, 18
39, 18, 43
43, 39, 18
43, 18, 39
18, 42, 40
18, 40, 42
40, 42, 18
40, 18, 42
42, 40, 18
42, 18, 40
18, 41, 41
41, 41, 18
41, 18, 41
19, 62, 19
19, 19, 62
62, 19, 19
19, 61, 20
19, 20, 61
20, 61, 19
20, 19, 61
61, 20, 19
61, 19, 20
19, 60, 21
19, 21, 60
21, 60, 19
21, 19, 60
60, 21, 19
60, 19, 21
19, 59, 22
19, 22, 59
22, 59, 19
22, 19, 59
59, 22, 19
59, 19, 22
19, 58, 23
19, 23, 58
23, 58, 19
23, 19, 58
58, 23, 19
58, 19, 23
19, 57, 24
19, 24, 57
24, 57, 19
24, 19, 57
57, 24, 19
57, 19, 24
19, 56, 25
19, 25, 56
25, 56, 19
25, 19, 56
56, 25, 19
56, 19, 25
19, 55, 26
19, 26, 55
26, 55, 19
26, 19, 55
55, 26, 19
55, 19, 26
19, 54, 27
19, 27, 54
27, 54, 19
27, 19, 54
54, 27, 19
54, 19, 27
19, 53, 28
19, 28, 53
28, 53, 19
28, 19, 53
53, 28, 19
53, 19, 28
19, 52, 29
19, 29, 52
29, 52, 19
29, 19, 52
52, 29, 19
52, 19, 29
19, 51, 30
19, 30, 51
30, 51, 19
30, 19, 51
51, 30, 19
51, 19, 30
19, 50, 31
19, 31, 50
31, 50, 19
31, 19, 50
50, 31, 19
50, 19, 31
19, 49, 32
19, 32, 49
32, 49, 19
32, 19, 49
49, 32, 19
49, 19, 32
19, 48, 33
19, 33, 48
33, 48, 19
33, 19, 48
48, 33, 19
48, 19, 33
19, 47, 34
19, 34, 47
34, 47, 19
34, 19, 47
47, 34, 19
47, 19, 34
19, 46, 35
19, 35, 46
35, 46, 19
35, 19, 46
46, 35, 19
46, 19, 35
19, 45, 36
19, 36, 45
36, 45, 19
36, 19, 45
45, 36, 19
45, 19, 36
19, 44, 37
19, 37, 44
37, 44, 19
37, 19, 44
44, 37, 19
44, 19, 37
19, 43, 38
19, 38, 43
38, 43, 19
38, 19, 43
43, 38, 19
43, 19, 38
19, 42, 39
19, 39, 42
39, 42, 19
39, 19, 42
42, 39, 19
42, 19, 39
19, 41, 40
19, 40, 41
40, 41, 19
40, 19, 41
41, 40, 19
41, 19, 40
20, 60, 20
20, 20, 60
60, 20, 20
20, 59, 21
20, 21, 59
21, 59, 20
21, 20, 59
59, 21, 20
59, 20, 21
20, 58, 22
20, 22, 58
22, 58, 20
22, 20, 58
58, 22, 20
58, 20, 22
20, 57, 23
20, 23, 57
23, 57, 20
23, 20, 57
57, 23, 20
57, 20, 23
20, 56, 24
20, 24, 56
24, 56, 20
24, 20, 56
56, 24, 20
56, 20, 24
20, 55, 25
20, 25, 55
25, 55, 20
25, 20, 55
55, 25, 20
55, 20, 25
20, 54, 26
20, 26, 54
26, 54, 20
26, 20, 54
54, 26, 20
54, 20, 26
20, 53, 27
20, 27, 53
27, 53, 20
27, 20, 53
53, 27, 20
53, 20, 27
20, 52, 28
20, 28, 52
28, 52, 20
28, 20, 52
52, 28, 20
52, 20, 28
20, 51, 29
20, 29, 51
29, 51, 20
29, 20, 51
51, 29, 20
51, 20, 29
20, 50, 30
20, 30, 50
30, 50, 20
30, 20, 50
50, 30, 20
50, 20, 30
20, 49, 31
20, 31, 49
31, 49, 20
31, 20, 49
49, 31, 20
49, 20, 31
20, 48, 32
20, 32, 48
32, 48, 20
32, 20, 48
48, 32, 20
48, 20, 32
20, 47, 33
20, 33, 47
33, 47, 20
33, 20, 47
47, 33, 20
47, 20, 33
20, 46, 34
20, 34, 46
34, 46, 20
34, 20, 46
46, 34, 20
46, 20, 34
20, 45, 35
20, 35, 45
35, 45, 20
35, 20, 45
45, 35, 20
45, 20, 35
20, 44, 36
20, 36, 44
36, 44, 20
36, 20, 44
44, 36, 20
44, 20, 36
20, 43, 37
20, 37, 43
37, 43, 20
37, 20, 43
43, 37, 20
43, 20, 37
20, 42, 38
20, 38, 42
38, 42, 20
38, 20, 42
42, 38, 20
42, 20, 38
20, 41, 39
20, 39, 41
39, 41, 20
39, 20, 41
41, 39, 20
41, 20, 39
20, 40, 40
40, 40, 20
40, 20, 40
21, 58, 21
21, 21, 58
58, 21, 21
21, 57, 22
21, 22, 57
22, 57, 21
22, 21, 57
57, 22, 21
57, 21, 22
21, 56, 23
21, 23, 56
23, 56, 21
23, 21, 56
56, 23, 21
56, 21, 23
21, 55, 24
21, 24, 55
24, 55, 21
24, 21, 55
55, 24, 21
55, 21, 24
21, 54, 25
21, 25, 54
25, 54, 21
25, 21, 54
54, 25, 21
54, 21, 25
21, 53, 26
21, 26, 53
26, 53, 21
26, 21, 53
53, 26, 21
53, 21, 26
21, 52, 27
21, 27, 52
27, 52, 21
27, 21, 52
52, 27, 21
52, 21, 27
21, 51, 28
21, 28, 51
28, 51, 21
28, 21, 51
51, 28, 21
51, 21, 28
21, 50, 29
21, 29, 50
29, 50, 21
29, 21, 50
50, 29, 21
50, 21, 29
21, 49, 30
21, 30, 49
30, 49, 21
30, 21, 49
49, 30, 21
49, 21, 30
21, 48, 31
21, 31, 48
31, 48, 21
31, 21, 48
48, 31, 21
48, 21, 31
21, 47, 32
21, 32, 47
32, 47, 21
32, 21, 47
47, 32, 21
47, 21, 32
21, 46, 33
21, 33, 46
33, 46, 21
33, 21, 46
46, 33, 21
46, 21, 33
21, 45, 34
21, 34, 45
34, 45, 21
34, 21, 45
45, 34, 21
45, 21, 34
21, 44, 35
21, 35, 44
35, 44, 21
35, 21, 44
44, 35, 21
44, 21, 35
21, 43, 36
21, 36, 43
36, 43, 21
36, 21, 43
43, 36, 21
43, 21, 36
21, 42, 37
21, 37, 42
37, 42, 21
37, 21, 42
42, 37, 21
42, 21, 37
21, 41, 38
21, 38, 41
38, 41, 21
38, 21, 41
41, 38, 21
41, 21, 38
21, 40, 39
21, 39, 40
39, 40, 21
39, 21, 40
40, 39, 21
40, 21, 39
22, 56, 22
22, 22, 56
56, 22, 22
22, 55, 23
22, 23, 55
23, 55, 22
23, 22, 55
55, 23, 22
55, 22, 23
22, 54, 24
22, 24, 54
24, 54, 22
24, 22, 54
54, 24, 22
54, 22, 24
22, 53, 25
22, 25, 53
25, 53, 22
25, 22, 53
53, 25, 22
53, 22, 25
22, 52, 26
22, 26, 52
26, 52, 22
26, 22, 52
52, 26, 22
52, 22, 26
22, 51, 27
22, 27, 51
27, 51, 22
27, 22, 51
51, 27, 22
51, 22, 27
22, 50, 28
22, 28, 50
28, 50, 22
28, 22, 50
50, 28, 22
50, 22, 28
22, 49, 29
22, 29, 49
29, 49, 22
29, 22, 49
49, 29, 22
49, 22, 29
22, 48, 30
22, 30, 48
30, 48, 22
30, 22, 48
48, 30, 22
48, 22, 30
22, 47, 31
22, 31, 47
31, 47, 22
31, 22, 47
47, 31, 22
47, 22, 31
22, 46, 32
22, 32, 46
32, 46, 22
32, 22, 46
46, 32, 22
46, 22, 32
22, 45, 33
22, 33, 45
33, 45, 22
33, 22, 45
45, 33, 22
45, 22, 33
22, 44, 34
22, 34, 44
34, 44, 22
34, 22, 44
44, 34, 22
44, 22, 34
22, 43, 35
22, 35, 43
35, 43, 22
35, 22, 43
43, 35, 22
43, 22, 35
22, 42, 36
22, 36, 42
36, 42, 22
36, 22, 42
42, 36, 22
42, 22, 36
22, 41, 37
22, 37, 41
37, 41, 22
37, 22, 41
41, 37, 22
41, 22, 37
22, 40, 38
22, 38, 40
38, 40, 22
38, 22, 40
40, 38, 22
40, 22, 38
22, 39, 39
39, 39, 22
39, 22, 39
23, 54, 23
23, 23, 54
54, 23, 23
23, 53, 24
23, 24, 53
24, 53, 23
24, 23, 53
53, 24, 23
53, 23, 24
23, 52, 25
23, 25, 52
25, 52, 23
25, 23, 52
52, 25, 23
52, 23, 25
23, 51, 26
23, 26, 51
26, 51, 23
26, 23, 51
51, 26, 23
51, 23, 26
23, 50, 27
23, 27, 50
27, 50, 23
27, 23, 50
50, 27, 23
50, 23, 27
23, 49, 28
23, 28, 49
28, 49, 23
28, 23, 49
49, 28, 23
49, 23, 28
23, 48, 29
23, 29, 48
29, 48, 23
29, 23, 48
48, 29, 23
48, 23, 29
23, 47, 30
23, 30, 47
30, 47, 23
30, 23, 47
47, 30, 23
47, 23, 30
23, 46, 31
23, 31, 46
31, 46, 23
31, 23, 46
46, 31, 23
46, 23, 31
23, 45, 32
23, 32, 45
32, 45, 23
32, 23, 45
45, 32, 23
45, 23, 32
23, 44, 33
23, 33, 44
33, 44, 23
33, 23, 44
44, 33, 23
44, 23, 33
23, 43, 34
23, 34, 43
34, 43, 23
34, 23, 43
43, 34, 23
43, 23, 34
23, 42, 35
23, 35, 42
35, 42, 23
35, 23, 42
42, 35, 23
42, 23, 35
23, 41, 36
23, 36, 41
36, 41, 23
36, 23, 41
41, 36, 23
41, 23, 36
23, 40, 37
23, 37, 40
37, 40, 23
37, 23, 40
40, 37, 23
40, 23, 37
23, 39, 38
23, 38, 39
38, 39, 23
38, 23, 39
39, 38, 23
39, 23, 38
24, 52, 24
24, 24, 52
52, 24, 24
24, 51, 25
24, 25, 51
25, 51, 24
25, 24, 51
51, 25, 24
51, 24, 25
24, 50, 26
24, 26, 50
26, 50, 24
26, 24, 50
50, 26, 24
50, 24, 26
24, 49, 27
24, 27, 49
27, 49, 24
27, 24, 49
49, 27, 24
49, 24, 27
24, 48, 28
24, 28, 48
28, 48, 24
28, 24, 48
48, 28, 24
48, 24, 28
24, 47, 29
24, 29, 47
29, 47, 24
29, 24, 47
47, 29, 24
47, 24, 29
24, 46, 30
24, 30, 46
30, 46, 24
30, 24, 46
46, 30, 24
46, 24, 30
24, 45, 31
24, 31, 45
31, 45, 24
31, 24, 45
45, 31, 24
45, 24, 31
24, 44, 32
24, 32, 44
32, 44, 24
32, 24, 44
44, 32, 24
44, 24, 32
24, 43, 33
24, 33, 43
33, 43, 24
33, 24, 43
43, 33, 24
43, 24, 33
24, 42, 34
24, 34, 42
34, 42, 24
34, 24, 42
42, 34, 24
42, 24, 34
24, 41, 35
24, 35, 41
35, 41, 24
35, 24, 41
41, 35, 24
41, 24, 35
24, 40, 36
24, 36, 40
36, 40, 24
36, 24, 40
40, 36, 24
40, 24, 36
24, 39, 37
24, 37, 39
37, 39, 24
37, 24, 39
39, 37, 24
39, 24, 37
24, 38, 38
38, 38, 24
38, 24, 38
25, 50, 25
25, 25, 50
50, 25, 25
25, 49, 26
25, 26, 49
26, 49, 25
26, 25, 49
49, 26, 25
49, 25, 26
25, 48, 27
25, 27, 48
27, 48, 25
27, 25, 48
48, 27, 25
48, 25, 27
25, 47, 28
25, 28, 47
28, 47, 25
28, 25, 47
47, 28, 25
47, 25, 28
25, 46, 29
25, 29, 46
29, 46, 25
29, 25, 46
46, 29, 25
46, 25, 29
25, 45, 30
25, 30, 45
30, 45, 25
30, 25, 45
45, 30, 25
45, 25, 30
25, 44, 31
25, 31, 44
31, 44, 25
31, 25, 44
44, 31, 25
44, 25, 31
25, 43, 32
25, 32, 43
32, 43, 25
32, 25, 43
43, 32, 25
43, 25, 32
25, 42, 33
25, 33, 42
33, 42, 25
33, 25, 42
42, 33, 25
42, 25, 33
25, 41, 34
25, 34, 41
34, 41, 25
34, 25, 41
41, 34, 25
41, 25, 34
25, 40, 35
25, 35, 40
35, 40, 25
35, 25, 40
40, 35, 25
40, 25, 35
25, 39, 36
25, 36, 39
36, 39, 25
36, 25, 39
39, 36, 25
39, 25, 36
25, 38, 37
25, 37, 38
37, 38, 25
37, 25, 38
38, 37, 25
38, 25, 37
26, 48, 26
26, 26, 48
48, 26, 26
26, 47, 27
26, 27, 47
27, 47, 26
27, 26, 47
47, 27, 26
47, 26, 27
26, 46, 28
26, 28, 46
28, 46, 26
28, 26, 46
46, 28, 26
46, 26, 28
26, 45, 29
26, 29, 45
29, 45, 26
29, 26, 45
45, 29, 26
45, 26, 29
26, 44, 30
26, 30, 44
30, 44, 26
30, 26, 44
44, 30, 26
44, 26, 30
26, 43, 31
26, 31, 43
31, 43, 26
31, 26, 43
43, 31, 26
43, 26, 31
26, 42, 32
26, 32, 42
32, 42, 26
32, 26, 42
42, 32, 26
42, 26, 32
26, 41, 33
26, 33, 41
33, 41, 26
33, 26, 41
41, 33, 26
41, 26, 33
26, 40, 34
26, 34, 40
34, 40, 26
34, 26, 40
40, 34, 26
40, 26, 34
26, 39, 35
26, 35, 39
35, 39, 26
35, 26, 39
39, 35, 26
39, 26, 35
26, 38, 36
26, 36, 38
36, 38, 26
36, 26, 38
38, 36, 26
38, 26, 36
26, 37, 37
37, 37, 26
37, 26, 37
27, 46, 27
27, 27, 46
46, 27, 27
27, 45, 28
27, 28, 45
28, 45, 27
28, 27, 45
45, 28, 27
45, 27, 28
27, 44, 29
27, 29, 44
29, 44, 27
29, 27, 44
44, 29, 27
44, 27, 29
27, 43, 30
27, 30, 43
30, 43, 27
30, 27, 43
43, 30, 27
43, 27, 30
27, 42, 31
27, 31, 42
31, 42, 27
31, 27, 42
42, 31, 27
42, 27, 31
27, 41, 32
27, 32, 41
32, 41, 27
32, 27, 41
41, 32, 27
41, 27, 32
27, 40, 33
27, 33, 40
33, 40, 27
33, 27, 40
40, 33, 27
40, 27, 33
27, 39, 34
27, 34, 39
34, 39, 27
34, 27, 39
39, 34, 27
39, 27, 34
27, 38, 35
27, 35, 38
35, 38, 27
35, 27, 38
38, 35, 27
38, 27, 35
27, 37, 36
27, 36, 37
36, 37, 27
36, 27, 37
37, 36, 27
37, 27, 36
28, 44, 28
28, 28, 44
44, 28, 28
28, 43, 29
28, 29, 43
29, 43, 28
29, 28, 43
43, 29, 28
43, 28, 29
28, 42, 30
28, 30, 42
30, 42, 28
30, 28, 42
42, 30, 28
42, 28, 30
28, 41, 31
28, 31, 41
31, 41, 28
31, 28, 41
41, 31, 28
41, 28, 31
28, 40, 32
28, 32, 40
32, 40, 28
32, 28, 40
40, 32, 28
40, 28, 32
28, 39, 33
28, 33, 39
33, 39, 28
33, 28, 39
39, 33, 28
39, 28, 33
28, 38, 34
28, 34, 38
34, 38, 28
34, 28, 38
38, 34, 28
38, 28, 34
28, 37, 35
28, 35, 37
35, 37, 28
35, 28, 37
37, 35, 28
37, 28, 35
28, 36, 36
36, 36, 28
36, 28, 36
29, 42, 29
29, 29, 42
42, 29, 29
29, 41, 30
29, 30, 41
30, 41, 29
30, 29, 41
41, 30, 29
41, 29, 30
29, 40, 31
29, 31, 40
31, 40, 29
31, 29, 40
40, 31, 29
40, 29, 31
29, 39, 32
29, 32, 39
32, 39, 29
32, 29, 39
39, 32, 29
39, 29, 32
29, 38, 33
29, 33, 38
33, 38, 29
33, 29, 38
38, 33, 29
38, 29, 33
29, 37, 34
29, 34, 37
34, 37, 29
34, 29, 37
37, 34, 29
37, 29, 34
29, 36, 35
29, 35, 36
35, 36, 29
35, 29, 36
36, 35, 29
36, 29, 35
30, 40, 30
30, 30, 40
40, 30, 30
30, 39, 31
30, 31, 39
31, 39, 30
31, 30, 39
39, 31, 30
39, 30, 31
30, 38, 32
30, 32, 38
32, 38, 30
32, 30, 38
38, 32, 30
38, 30, 32
30, 37, 33
30, 33, 37
33, 37, 30
33, 30, 37
37, 33, 30
37, 30, 33
30, 36, 34
30, 34, 36
34, 36, 30
34, 30, 36
36, 34, 30
36, 30, 34
30, 35, 35
35, 35, 30
35, 30, 35
31, 38, 31
31, 31, 38
38, 31, 31
31, 37, 32
31, 32, 37
32, 37, 31
32, 31, 37
37, 32, 31
37, 31, 32
31, 36, 33
31, 33, 36
33, 36, 31
33, 31, 36
36, 33, 31
36, 31, 33
31, 35, 34
31, 34, 35
34, 35, 31
34, 31, 35
35, 34, 31
35, 31, 34
32, 36, 32
32, 32, 36
36, 32, 32
32, 35, 33
32, 33, 35
33, 35, 32
33, 32, 35
35, 33, 32
35, 32, 33
32, 34, 34
34, 34, 32
34, 32, 34
33, 34, 33
33, 33, 34
34, 33, 33